Total IPs: 1
148.70.181.99