Total IPs: 1
24.227.217.222